200000.000 0.000 -150000.000 0.000 0.000 -100000.000 0.000 -42000.000 0.000 0.000 -100000.000 0.000 -42000.000 0.000 0.000 0.000 0.000 0.000 0.000 0.000 0.000 0.000 0.000 0.000 0.000 0.000 0.000 0.000 0.000 0.000 0.000
0.000 180000.000 0.000 0.000 0.000 0.000 -90000.000 0.000 0.000 0.000 0.000 -90000.000 0.000 0.000 0.000 0.000 0.000 0.000 0.000 0.000 0.000 0.000 0.000 0.000 0.000 0.000 0.000 0.000 0.000 0.000 0.000
-150000.000 0.000 384822.000 0.000 0.000 75000.000 0.000 -104661.000 0.000 0.000 75000.000 0.000 -104661.000 0.000 0.000 0.000 0.000 0.000 0.000 0.000 0.000 0.000 0.000 0.000 0.000 0.000 0.000 0.000 0.000 0.000 0.000
0.000 0.000 0.000 11879550.000 0.000 0.000 -706500.000 0.000 220500.000 0.000 0.000 706500.000 0.000 220500.000 0.000 0.000 0.000 0.000 0.000 0.000 0.000 0.000 0.000 0.000 0.000 0.000 0.000 0.000 0.000 0.000 0.000
0.000 0.000 0.000 0.000 14442560.000 -785000.000 0.000 -329700.000 0.000 -1059030.000 785000.000 0.000 329700.000 0.000 -1059030.000 0.000 0.000 0.000 0.000 0.000 0.000 0.000 0.000 0.000 0.000 0.000 0.000 0.000 0.000 0.000 0.000
-100000.000 0.000 75000.000 0.000 -785000.000 100000.000 0.000 42000.000 0.000 0.000 0.000 0.000 0.000 0.000 0.000 0.000 0.000 0.000 0.000 0.000 0.000 0.000 0.000 0.000 0.000 0.000 0.000 0.000 0.000 0.000 0.000
0.000 -90000.000 0.000 -706500.000 0.000 0.000 210000.000 0.000 0.000 0.000 0.000 0.000 0.000 0.000 0.000 0.000 -60000.000 0.000 0.000 0.000 -60000.000 0.000 0.000 0.000 0.000 0.000 0.000 0.000 0.000 0.000 0.000
-42000.000 0.000 -104661.000 0.000 -329700.000 42000.000 0.000 273801.000 0.000 0.000 0.000 0.000 0.000 0.000 0.000 0.000 0.000 -60000.000 0.000 0.000 0.000 -60000.000 0.000 0.000 0.000 0.000 0.000 0.000 0.000 0.000 0.000
0.000 0.000 0.000 220500.000 0.000 0.000 0.000 0.000 310980.000 0.000 0.000 0.000 0.000 0.000 0.000 0.000 75000.000 0.000 0.000 0.000 -75000.000 0.000 0.000 0.000 0.000 0.000 0.000 0.000 0.000 0.000 0.000
0.000 0.000 0.000 0.000 -1059030.000 0.000 0.000 0.000 0.000 1059030.000 0.000 0.000 0.000 0.000 0.000 0.000 0.000 0.000 0.000 0.000 0.000 0.000 0.000 0.000 0.000 0.000 0.000 0.000 0.000 0.000 0.000
-100000.000 0.000 75000.000 0.000 785000.000 0.000 0.000 0.000 0.000 0.000 100000.000 0.000 42000.000 0.000 0.000 0.000 0.000 0.000 0.000 0.000 0.000 0.000 0.000 0.000 0.000 0.000 0.000 0.000 0.000 0.000 0.000
0.000 -90000.000 0.000 706500.000 0.000 0.000 0.000 0.000 0.000 0.000 0.000 210000.000 0.000 0.000 0.000 0.000 0.000 0.000 0.000 0.000 0.000 0.000 0.000 0.000 -60000.000 0.000 0.000 0.000 -60000.000 0.000 0.000
-42000.000 0.000 -104661.000 0.000 329700.000 0.000 0.000 0.000 0.000 0.000 42000.000 0.000 273801.000 0.000 0.000 0.000 0.000 0.000 0.000 0.000 0.000 0.000 0.000 0.000 0.000 -60000.000 0.000 0.000 0.000 -60000.000 0.000
0.000 0.000 0.000 220500.000 0.000 0.000 0.000 0.000 0.000 0.000 0.000 0.000 0.000 310980.000 0.000 0.000 0.000 0.000 0.000 0.000 0.000 0.000 0.000 0.000 75000.000 0.000 0.000 0.000 -75000.000 0.000 0.000
0.000 0.000 0.000 0.000 -1059030.000 0.000 0.000 0.000 0.000 0.000 0.000 0.000 0.000 0.000 1059030.000 0.000 0.000 0.000 0.000 0.000 0.000 0.000 0.000 0.000 0.000 0.000 0.000 0.000 0.000 0.000 0.000
0.000 0.000 0.000 0.000 0.000 0.000 0.000 0.000 0.000 0.000 0.000 0.000 0.000 0.000 0.000 0.000 0.000 0.000 0.000 0.000 0.000 0.000 0.000 0.000 0.000 0.000 0.000 0.000 0.000 0.000 0.000
0.000 0.000 0.000 0.000 0.000 0.000 -60000.000 0.000 75000.000 0.000 0.000 0.000 0.000 0.000 0.000 0.000 60000.000 0.000 0.000 0.000 0.000 0.000 0.000 0.000 0.000 0.000 0.000 0.000 0.000 0.000 0.000
0.000 0.000 0.000 0.000 0.000 0.000 0.000 -60000.000 0.000 0.000 0.000 0.000 0.000 0.000 0.000 0.000 0.000 60000.000 0.000 0.000 0.000 0.000 0.000 0.000 0.000 0.000 0.000 0.000 0.000 0.000 0.000
0.000 0.000 0.000 0.000 0.000 0.000 0.000 0.000 0.000 0.000 0.000 0.000 0.000 0.000 0.000 0.000 0.000 0.000 0.000 0.000 0.000 0.000 0.000 0.000 0.000 0.000 0.000 0.000 0.000 0.000 0.000
0.000 0.000 0.000 0.000 0.000 0.000 0.000 0.000 0.000 0.000 0.000 0.000 0.000 0.000 0.000 0.000 0.000 0.000 0.000 0.000 0.000 0.000 0.000 0.000 0.000 0.000 0.000 0.000 0.000 0.000 0.000
0.000 0.000 0.000 0.000 0.000 0.000 -60000.000 0.000 -75000.000 0.000 0.000 0.000 0.000 0.000 0.000 0.000 0.000 0.000 0.000 0.000 60000.000 0.000 0.000 0.000 0.000 0.000 0.000 0.000 0.000 0.000 0.000
0.000 0.000 0.000 0.000 0.000 0.000 0.000 -60000.000 0.000 0.000 0.000 0.000 0.000 0.000 0.000 0.000 0.000 0.000 0.000 0.000 0.000 60000.000 0.000 0.000 0.000 0.000 0.000 0.000 0.000 0.000 0.000
0.000 0.000 0.000 0.000 0.000 0.000 0.000 0.000 0.000 0.000 0.000 0.000 0.000 0.000 0.000 0.000 0.000 0.000 0.000 0.000 0.000 0.000 0.000 0.000 0.000 0.000 0.000 0.000 0.000 0.000 0.000
0.000 0.000 0.000 0.000 0.000 0.000 0.000 0.000 0.000 0.000 0.000 0.000 0.000 0.000 0.000 0.000 0.000 0.000 0.000 0.000 0.000 0.000 0.000 0.000 0.000 0.000 0.000 0.000 0.000 0.000 0.000
0.000 0.000 0.000 0.000 0.000 0.000 0.000 0.000 0.000 0.000 0.000 -60000.000 0.000 75000.000 0.000 0.000 0.000 0.000 0.000 0.000 0.000 0.000 0.000 0.000 60000.000 0.000 0.000 0.000 0.000 0.000 0.000
0.000 0.000 0.000 0.000 0.000 0.000 0.000 0.000 0.000 0.000 0.000 0.000 -60000.000 0.000 0.000 0.000 0.000 0.000 0.000 0.000 0.000 0.000 0.000 0.000 0.000 60000.000 0.000 0.000 0.000 0.000 0.000
0.000 0.000 0.000 0.000 0.000 0.000 0.000 0.000 0.000 0.000 0.000 0.000 0.000 0.000 0.000 0.000 0.000 0.000 0.000 0.000 0.000 0.000 0.000 0.000 0.000 0.000 0.000 0.000 0.000 0.000 0.000
0.000 0.000 0.000 0.000 0.000 0.000 0.000 0.000 0.000 0.000 0.000 0.000 0.000 0.000 0.000 0.000 0.000 0.000 0.000 0.000 0.000 0.000 0.000 0.000 0.000 0.000 0.000 0.000 0.000 0.000 0.000
0.000 0.000 0.000 0.000 0.000 0.000 0.000 0.000 0.000 0.000 0.000 -60000.000 0.000 -75000.000 0.000 0.000 0.000 0.000 0.000 0.000 0.000 0.000 0.000 0.000 0.000 0.000 0.000 0.000 60000.000 0.000 0.000
0.000 0.000 0.000 0.000 0.000 0.000 0.000 0.000 0.000 0.000 0.000 0.000 -60000.000 0.000 0.000 0.000 0.000 0.000 0.000 0.000 0.000 0.000 0.000 0.000 0.000 0.000 0.000 0.000 0.000 60000.000 0.000
0.000 0.000 0.000 0.000 0.000 0.000 0.000 0.000 0.000 0.000 0.000 0.000 0.000 0.000 0.000 0.000 0.000 0.000 0.000 0.000 0.000 0.000 0.000 0.000 0.000 0.000 0.000 0.000 0.000 0.000 0.000
