448000.000 0.000 -336000.000 0.000 0.000 -224000.000 0.000 -94080.000 0.000 0.000 -224000.000 0.000 -94080.000 0.000 0.000 0.000 0.000 0.000 0.000 0.000 0.000 0.000 0.000 0.000 0.000 0.000 0.000 0.000 0.000 0.000 0.000
0.000 1112000.000 0.000 0.000 0.000 0.000 -556000.000 0.000 0.000 0.000 0.000 -556000.000 0.000 0.000 0.000 0.000 0.000 0.000 0.000 0.000 0.000 0.000 0.000 0.000 0.000 0.000 0.000 0.000 0.000 0.000 0.000
-336000.000 0.000 1934344.800 0.000 0.000 168000.000 0.000 -770612.400 0.000 0.000 168000.000 0.000 -770612.400 0.000 0.000 0.000 0.000 0.000 0.000 0.000 0.000 0.000 0.000 0.000 0.000 0.000 0.000 0.000 0.000 0.000 0.000
0.000 0.000 0.000 68776220.000 0.000 0.000 -4364600.000 0.000 70560.000 0.000 0.000 4364600.000 0.000 70560.000 0.000 0.000 0.000 0.000 0.000 0.000 0.000 0.000 0.000 0.000 0.000 0.000 0.000 0.000 0.000 0.000 0.000
0.000 0.000 0.000 0.000 28284659.200 -1758400.000 0.000 -738528.000 0.000 -338889.600 1758400.000 0.000 738528.000 0.000 -338889.600 0.000 0.000 0.000 0.000 0.000 0.000 0.000 0.000 0.000 0.000 0.000 0.000 0.000 0.000 0.000 0.000
-224000.000 0.000 168000.000 0.000 -1758400.000 16184000.000 0.000 -3097920.000 0.000 0.000 0.000 0.000 0.000 0.000 0.000 -7980000.000 0.000 0.000 0.000 -7980000.000 0.000 0.000 0.000 0.000 0.000 0.000 0.000 0.000 0.000 0.000 0.000
0.000 -556000.000 0.000 -4364600.000 0.000 0.000 3060000.000 0.000 0.000 0.000 0.000 0.000 0.000 0.000 0.000 0.000 -1252000.000 0.000 0.000 0.000 -1252000.000 0.000 0.000 0.000 0.000 0.000 0.000 0.000 0.000 0.000 0.000
-94080.000 0.000 -770612.400 0.000 -738528.000 -3097920.000 0.000 4023086.000 0.000 0.000 0.000 0.000 0.000 0.000 0.000 1596000.000 0.000 -1252000.000 0.000 1596000.000 0.000 -1252000.000 0.000 0.000 0.000 0.000 0.000 0.000 0.000 0.000 0.000
0.000 0.000 0.000 70560.000 0.000 0.000 0.000 0.000 5470413.600 0.000 0.000 0.000 0.000 0.000 0.000 0.000 1565000.000 0.000 0.000 0.000 -1565000.000 0.000 0.000 0.000 0.000 0.000 0.000 0.000 0.000 0.000 0.000
0.000 0.000 0.000 0.000 -338889.600 0.000 0.000 0.000 0.000 63236389.600 0.000 0.000 0.000 0.000 0.000 -9975000.000 0.000 0.000 -18980000.000 9975000.000 0.000 0.000 -18980000.000 0.000 0.000 0.000 0.000 0.000 0.000 0.000 0.000
-224000.000 0.000 168000.000 0.000 1758400.000 0.000 0.000 0.000 0.000 0.000 16184000.000 0.000 -3097920.000 0.000 0.000 0.000 0.000 0.000 0.000 0.000 0.000 0.000 0.000 -7980000.000 0.000 0.000 0.000 -7980000.000 0.000 0.000 0.000
0.000 -556000.000 0.000 4364600.000 0.000 0.000 0.000 0.000 0.000 0.000 0.000 3060000.000 0.000 0.000 0.000 0.000 0.000 0.000 0.000 0.000 0.000 0.000 0.000 0.000 -1252000.000 0.000 0.000 0.000 -1252000.000 0.000 0.000
-94080.000 0.000 -770612.400 0.000 738528.000 0.000 0.000 0.000 0.000 0.000 -3097920.000 0.000 4023086.000 0.000 0.000 0.000 0.000 0.000 0.000 0.000 0.000 0.000 0.000 1596000.000 0.000 -1252000.000 0.000 1596000.000 0.000 -1252000.000 0.000
0.000 0.000 0.000 70560.000 0.000 0.000 0.000 0.000 0.000 0.000 0.000 0.000 0.000 5470413.600 0.000 0.000 0.000 0.000 0.000 0.000 0.000 0.000 0.000 0.000 1565000.000 0.000 0.000 0.000 -1565000.000 0.000 0.000
0.000 0.000 0.000 0.000 -338889.600 0.000 0.000 0.000 0.000 0.000 0.000 0.000 0.000 0.000 63236389.600 0.000 0.000 0.000 0.000 0.000 0.000 0.000 0.000 -9975000.000 0.000 0.000 -18980000.000 9975000.000 0.000 0.000 -18980000.000
0.000 0.000 0.000 0.000 0.000 -7980000.000 0.000 1596000.000 0.000 -9975000.000 0.000 0.000 0.000 0.000 0.000 9180000.000 0.000 0.000 0.000 0.000 0.000 0.000 0.000 0.000 0.000 0.000 0.000 0.000 0.000 0.000 0.000
0.000 0.000 0.000 0.000 0.000 0.000 -1252000.000 0.000 1565000.000 0.000 0.000 0.000 0.000 0.000 0.000 0.000 3252000.000 0.000 0.000 0.000 0.000 0.000 0.000 0.000 0.000 0.000 0.000 0.000 0.000 0.000 0.000
0.000 0.000 0.000 0.000 0.000 0.000 0.000 -1252000.000 0.000 0.000 0.000 0.000 0.000 0.000 0.000 0.000 0.000 2356612.500 0.000 0.000 0.000 0.000 0.000 0.000 0.000 0.000 0.000 0.000 0.000 0.000 0.000
0.000 0.000 0.000 0.000 0.000 0.000 0.000 0.000 0.000 -18980000.000 0.000 0.000 0.000 0.000 0.000 0.000 0.000 0.000 19597767.500 0.000 0.000 0.000 0.000 0.000 0.000 0.000 0.000 0.000 0.000 0.000 0.000
0.000 0.000 0.000 0.000 0.000 -7980000.000 0.000 1596000.000 0.000 9975000.000 0.000 0.000 0.000 0.000 0.000 0.000 0.000 0.000 0.000 9180000.000 0.000 0.000 0.000 0.000 0.000 0.000 0.000 0.000 0.000 0.000 0.000
0.000 0.000 0.000 0.000 0.000 0.000 -1252000.000 0.000 -1565000.000 0.000 0.000 0.000 0.000 0.000 0.000 0.000 0.000 0.000 0.000 0.000 3252000.000 0.000 0.000 0.000 0.000 0.000 0.000 0.000 0.000 0.000 0.000
0.000 0.000 0.000 0.000 0.000 0.000 0.000 -1252000.000 0.000 0.000 0.000 0.000 0.000 0.000 0.000 0.000 0.000 0.000 0.000 0.000 0.000 2356612.500 0.000 0.000 0.000 0.000 0.000 0.000 0.000 0.000 0.000
0.000 0.000 0.000 0.000 0.000 0.000 0.000 0.000 0.000 -18980000.000 0.000 0.000 0.000 0.000 0.000 0.000 0.000 0.000 0.000 0.000 0.000 0.000 19597767.500 0.000 0.000 0.000 0.000 0.000 0.000 0.000 0.000
0.000 0.000 0.000 0.000 0.000 0.000 0.000 0.000 0.000 0.000 -7980000.000 0.000 1596000.000 0.000 -9975000.000 0.000 0.000 0.000 0.000 0.000 0.000 0.000 0.000 9180000.000 0.000 0.000 0.000 0.000 0.000 0.000 0.000
0.000 0.000 0.000 0.000 0.000 0.000 0.000 0.000 0.000 0.000 0.000 -1252000.000 0.000 1565000.000 0.000 0.000 0.000 0.000 0.000 0.000 0.000 0.000 0.000 0.000 3252000.000 0.000 0.000 0.000 0.000 0.000 0.000
0.000 0.000 0.000 0.000 0.000 0.000 0.000 0.000 0.000 0.000 0.000 0.000 -1252000.000 0.000 0.000 0.000 0.000 0.000 0.000 0.000 0.000 0.000 0.000 0.000 0.000 2356612.500 0.000 0.000 0.000 0.000 0.000
0.000 0.000 0.000 0.000 0.000 0.000 0.000 0.000 0.000 0.000 0.000 0.000 0.000 0.000 -18980000.000 0.000 0.000 0.000 0.000 0.000 0.000 0.000 0.000 0.000 0.000 0.000 19597767.500 0.000 0.000 0.000 0.000
0.000 0.000 0.000 0.000 0.000 0.000 0.000 0.000 0.000 0.000 -7980000.000 0.000 1596000.000 0.000 9975000.000 0.000 0.000 0.000 0.000 0.000 0.000 0.000 0.000 0.000 0.000 0.000 0.000 9180000.000 0.000 0.000 0.000
0.000 0.000 0.000 0.000 0.000 0.000 0.000 0.000 0.000 0.000 0.000 -1252000.000 0.000 -1565000.000 0.000 0.000 0.000 0.000 0.000 0.000 0.000 0.000 0.000 0.000 0.000 0.000 0.000 0.000 3252000.000 0.000 0.000
0.000 0.000 0.000 0.000 0.000 0.000 0.000 0.000 0.000 0.000 0.000 0.000 -1252000.000 0.000 0.000 0.000 0.000 0.000 0.000 0.000 0.000 0.000 0.000 0.000 0.000 0.000 0.000 0.000 0.000 2356612.500 0.000
0.000 0.000 0.000 0.000 0.000 0.000 0.000 0.000 0.000 0.000 0.000 0.000 0.000 0.000 -18980000.000 0.000 0.000 0.000 0.000 0.000 0.000 0.000 0.000 0.000 0.000 0.000 0.000 0.000 0.000 0.000 19597767.500
